{
 "cells": [
  {
   "cell_type": "markdown",
   "metadata": {},
   "source": [
    "# Access Saved Data\n",
    "\n",
    "Data Broker solves two problems:\n",
    "\n",
    "* Search for data based on time, a unique identifer, or some other query.\n",
    "* Load data into standard scientific Python data structures without worrying about file formats.\n",
    "\n",
    "We have used Bluesky to acquire several Runs and made them available in this example Catalog."
   ]
  },
  {
   "cell_type": "code",
   "execution_count": 1,
   "metadata": {},
   "outputs": [],
   "source": [
    "from bluesky_tutorial_utils import get_example_catalog\n",
    "\n",
    "catalog = get_example_catalog()"
   ]
  },
  {
   "cell_type": "markdown",
   "metadata": {},
   "source": [
    "## What can you do with a Bluesky Catalog?\n",
    "\n",
    "A Catalog has a length."
   ]
  },
  {
   "cell_type": "code",
   "execution_count": 2,
   "metadata": {},
   "outputs": [
    {
     "data": {
      "text/plain": [
       "17"
      ]
     },
     "execution_count": 2,
     "metadata": {},
     "output_type": "execute_result"
    }
   ],
   "source": [
    "len(catalog)"
   ]
  },
  {
   "cell_type": "markdown",
   "metadata": {},
   "source": [
    "Iterating over a Catalog gives the names of its entries."
   ]
  },
  {
   "cell_type": "code",
   "execution_count": 3,
   "metadata": {},
   "outputs": [],
   "source": [
    "for name in catalog:\n",
    "    ..."
   ]
  },
  {
   "cell_type": "markdown",
   "metadata": {},
   "source": [
    "As with `dict` objects in Python, iterating over a Catalog's `items()` gives ``(name, entry)`` pairs."
   ]
  },
  {
   "cell_type": "code",
   "execution_count": 4,
   "metadata": {},
   "outputs": [],
   "source": [
    "for name, entry in catalog.items():\n",
    "    ..."
   ]
  },
  {
   "cell_type": "markdown",
   "metadata": {},
   "source": [
    "The Catalogs support lookup by recency, `scan_id`, and globally unique ID.\n",
    "```python\n",
    "catalog[-1]  # the most recent Run\n",
    "catalog[-5]  # the fifth-most-recent Run\n",
    "catalog[3]  # 'scan_id' == 3 (if ambiguous, returns the most recent match)\n",
    "catalog[\"6f3ee9a1-ff4b-47ba-a439-9027cd9e6ced\"]  # a full globally unique ID...\n",
    "catalog[\"6f3ee9\"]  # ...or just enough characters to uniquely identify it (6-8 usually suffices)\n",
    "```\n",
    "\n",
    "The globally unique ID is best for use in scripts, but the others are nice for interactive use. All of these incantations return a `BlueskyRun`."
   ]
  },
  {
   "cell_type": "code",
   "execution_count": 5,
   "metadata": {},
   "outputs": [
    {
     "data": {
      "text/plain": [
       "BlueskyRun\n",
       "  uid='6f3ee9a1-ff4b-47ba-a439-9027cd9e6ced'\n",
       "  exit_status='success'\n",
       "  2020-02-03 00:00:00.000 -- 2020-02-03 00:00:00.070\n",
       "  Streams:\n",
       "    * primary\n",
       "    * baseline\n"
      ]
     },
     "execution_count": 5,
     "metadata": {},
     "output_type": "execute_result"
    }
   ],
   "source": [
    "run = catalog[-1]\n",
    "run"
   ]
  },
  {
   "cell_type": "markdown",
   "metadata": {},
   "source": [
    "Catalog also support search."
   ]
  },
  {
   "cell_type": "code",
   "execution_count": 6,
   "metadata": {},
   "outputs": [
    {
     "data": {
      "text/plain": [
       "10"
      ]
     },
     "execution_count": 6,
     "metadata": {},
     "output_type": "execute_result"
    }
   ],
   "source": [
    "results = catalog.search({\"plan_name\": \"count\"})\n",
    "len(results)"
   ]
  },
  {
   "cell_type": "markdown",
   "metadata": {},
   "source": [
    "When you search on a Catalog, you get another Catalog with a subset of the entries. You can search on this in turn, progressively narrowing the results."
   ]
  },
  {
   "cell_type": "code",
   "execution_count": 7,
   "metadata": {},
   "outputs": [
    {
     "data": {
      "text/plain": [
       "3"
      ]
     },
     "execution_count": 7,
     "metadata": {},
     "output_type": "execute_result"
    }
   ],
   "source": [
    "from databroker.queries import TimeRange\n",
    "\n",
    "jan_results = results.search(TimeRange(since=\"2020-01-01\", until=\"2020-02-01\", timezone=\"US/Eastern\"))\n",
    "len(jan_results)"
   ]
  },
  {
   "cell_type": "markdown",
   "metadata": {},
   "source": [
    "The syntax for these queries is that of [MongoDB](https://docs.mongodb.com/v3.2/reference/operator/query/#query-selectors). It is powerful and flexible, but it takes some getting used to, so databroker is growing higher-level utilities like `TimeRange` to compose common queries in a user-friendly way. We can peek inside if we like to see the MongoDB query that it generates."
   ]
  },
  {
   "cell_type": "code",
   "execution_count": 8,
   "metadata": {},
   "outputs": [
    {
     "data": {
      "text/plain": [
       "{'time': {'$gte': 1577854800.0, '$lt': 1580533200.0}}"
      ]
     },
     "execution_count": 8,
     "metadata": {},
     "output_type": "execute_result"
    }
   ],
   "source": [
    "dict(TimeRange(since=\"2020-01-01\", until=\"2020-02-01\", timezone=\"US/Eastern\"))"
   ]
  },
  {
   "cell_type": "markdown",
   "metadata": {},
   "source": [
    "### Exercise\n",
    "\n",
    "Build some ``TimeRange`` queries, filling in `...` below. Notice that you can specify the time with more or less specificity: try just giving YYYY or YYYY-MM or adding a time. Notice that all of the parameters are optional."
   ]
  },
  {
   "cell_type": "code",
   "execution_count": 9,
   "metadata": {},
   "outputs": [],
   "source": [
    "# catalog.search(TimeRange(...))"
   ]
  },
  {
   "cell_type": "code",
   "execution_count": 10,
   "metadata": {},
   "outputs": [],
   "source": [
    "# catalog.search(TimeRange(...))"
   ]
  },
  {
   "cell_type": "code",
   "execution_count": 11,
   "metadata": {},
   "outputs": [],
   "source": [
    "# catalog.search(TimeRange(...))"
   ]
  },
  {
   "cell_type": "code",
   "execution_count": 12,
   "metadata": {},
   "outputs": [],
   "source": [
    "# catalog.search(TimeRange(...))"
   ]
  },
  {
   "cell_type": "markdown",
   "metadata": {},
   "source": [
    "## What can you with a BlueskyRun?\n",
    "\n",
    "A `BlueskyRun` bundles together some metadata and several logical tables (\"streams\") of data. First, the metadata. It always comes in two sections, `\"start\"` and `\"stop\"`."
   ]
  },
  {
   "cell_type": "code",
   "execution_count": 13,
   "metadata": {},
   "outputs": [
    {
     "data": {
      "text/plain": [
       "Start({'detectors': ['ns'],\n",
       " 'hints': {'dimensions': [[['ns_gap'], 'primary']]},\n",
       " 'motors': ['ns_gap'],\n",
       " 'num_intervals': 24,\n",
       " 'num_points': 25,\n",
       " 'operator': 'Dmitri',\n",
       " 'plan_args': {'args': [\"Signal(name='ns_gap', parent='ns', value=4.0, \"\n",
       "                        'timestamp=1589570582.2353418)',\n",
       "                        0,\n",
       "                        4],\n",
       "               'detectors': [\"NewtonSimulator(prefix='', name='ns', \"\n",
       "                             \"read_attrs=['gap', 'image'], \"\n",
       "                             'configuration_attrs=[])'],\n",
       "               'num': 25,\n",
       "               'per_step': 'None'},\n",
       " 'plan_name': 'scan',\n",
       " 'plan_pattern': 'inner_product',\n",
       " 'plan_pattern_args': {'args': [\"Signal(name='ns_gap', parent='ns', value=4.0, \"\n",
       "                                'timestamp=1589570582.2353418)',\n",
       "                                0,\n",
       "                                4],\n",
       "                       'num': 25},\n",
       " 'plan_pattern_module': 'bluesky.plan_patterns',\n",
       " 'plan_type': 'generator',\n",
       " 'scan_id': 17,\n",
       " 'time': 1580688000.0,\n",
       " 'uid': '6f3ee9a1-ff4b-47ba-a439-9027cd9e6ced',\n",
       " 'versions': {'bluesky': '1.6.1', 'ophyd': '1.5.1b1'}})"
      ]
     },
     "execution_count": 13,
     "metadata": {},
     "output_type": "execute_result"
    }
   ],
   "source": [
    "run.metadata[\"start\"]  # Everything we know before the measurements start."
   ]
  },
  {
   "cell_type": "markdown",
   "metadata": {},
   "source": [
    "The above contains a mixture of things that bluesky automatically recorded (e.g. the time), things the bluesky plan reported (e.g. which motor(s) are scanned), and things the user told us (e.g. the name of the operator)."
   ]
  },
  {
   "cell_type": "code",
   "execution_count": 14,
   "metadata": {},
   "outputs": [
    {
     "data": {
      "text/plain": [
       "Stop({'exit_status': 'success',\n",
       " 'num_events': {'baseline': 2, 'primary': 25},\n",
       " 'reason': '',\n",
       " 'run_start': '6f3ee9a1-ff4b-47ba-a439-9027cd9e6ced',\n",
       " 'time': 1580688000.0707304,\n",
       " 'uid': '44c278f1-f318-44c4-8817-6ef77846b03e'})"
      ]
     },
     "execution_count": 14,
     "metadata": {},
     "output_type": "execute_result"
    }
   ],
   "source": [
    "run.metadata[\"stop\"]  # Everything we only know after the measurements stop."
   ]
  },
  {
   "cell_type": "markdown",
   "metadata": {},
   "source": [
    "These objects `Start` and `Stop` are just dictionaries. You can dig into their contents in the usual way."
   ]
  },
  {
   "cell_type": "code",
   "execution_count": 15,
   "metadata": {},
   "outputs": [
    {
     "data": {
      "text/plain": [
       "25"
      ]
     },
     "execution_count": 15,
     "metadata": {},
     "output_type": "execute_result"
    }
   ],
   "source": [
    "run.metadata[\"start\"][\"num_points\"]"
   ]
  },
  {
   "cell_type": "code",
   "execution_count": 16,
   "metadata": {},
   "outputs": [
    {
     "data": {
      "text/plain": [
       "True"
      ]
     },
     "execution_count": 16,
     "metadata": {},
     "output_type": "execute_result"
    }
   ],
   "source": [
    "run.metadata[\"stop\"][\"exit_status\"] == \"success\""
   ]
  },
  {
   "cell_type": "markdown",
   "metadata": {},
   "source": [
    "As we said, a Run bundles together any number of \"streams\" of data. Picture these as tables or spreadsheets. The stream names are shown when we print `run`."
   ]
  },
  {
   "cell_type": "code",
   "execution_count": 17,
   "metadata": {},
   "outputs": [
    {
     "data": {
      "text/plain": [
       "BlueskyRun\n",
       "  uid='6f3ee9a1-ff4b-47ba-a439-9027cd9e6ced'\n",
       "  exit_status='success'\n",
       "  2020-02-03 00:00:00.000 -- 2020-02-03 00:00:00.070\n",
       "  Streams:\n",
       "    * primary\n",
       "    * baseline\n"
      ]
     },
     "execution_count": 17,
     "metadata": {},
     "output_type": "execute_result"
    }
   ],
   "source": [
    "run"
   ]
  },
  {
   "cell_type": "markdown",
   "metadata": {},
   "source": [
    "We can also list them programmatically."
   ]
  },
  {
   "cell_type": "code",
   "execution_count": 18,
   "metadata": {},
   "outputs": [
    {
     "data": {
      "text/plain": [
       "['primary', 'baseline']"
      ]
     },
     "execution_count": 18,
     "metadata": {},
     "output_type": "execute_result"
    }
   ],
   "source": [
    "list(run)"
   ]
  },
  {
   "cell_type": "markdown",
   "metadata": {},
   "source": [
    "We can access a particular stream like `run[\"primary\"].read()`. Dot access also works — `run.primary.read()` — if the stream name is a valid Python identifier and does not collide with any other attributes."
   ]
  },
  {
   "cell_type": "code",
   "execution_count": 19,
   "metadata": {},
   "outputs": [
    {
     "data": {
      "text/html": [
       "<div><svg style=\"position: absolute; width: 0; height: 0; overflow: hidden\">\n",
       "<defs>\n",
       "<symbol id=\"icon-database\" viewBox=\"0 0 32 32\">\n",
       "<title>Show/Hide data repr</title>\n",
       "<path d=\"M16 0c-8.837 0-16 2.239-16 5v4c0 2.761 7.163 5 16 5s16-2.239 16-5v-4c0-2.761-7.163-5-16-5z\"></path>\n",
       "<path d=\"M16 17c-8.837 0-16-2.239-16-5v6c0 2.761 7.163 5 16 5s16-2.239 16-5v-6c0 2.761-7.163 5-16 5z\"></path>\n",
       "<path d=\"M16 26c-8.837 0-16-2.239-16-5v6c0 2.761 7.163 5 16 5s16-2.239 16-5v-6c0 2.761-7.163 5-16 5z\"></path>\n",
       "</symbol>\n",
       "<symbol id=\"icon-file-text2\" viewBox=\"0 0 32 32\">\n",
       "<title>Show/Hide attributes</title>\n",
       "<path d=\"M28.681 7.159c-0.694-0.947-1.662-2.053-2.724-3.116s-2.169-2.030-3.116-2.724c-1.612-1.182-2.393-1.319-2.841-1.319h-15.5c-1.378 0-2.5 1.121-2.5 2.5v27c0 1.378 1.122 2.5 2.5 2.5h23c1.378 0 2.5-1.122 2.5-2.5v-19.5c0-0.448-0.137-1.23-1.319-2.841zM24.543 5.457c0.959 0.959 1.712 1.825 2.268 2.543h-4.811v-4.811c0.718 0.556 1.584 1.309 2.543 2.268zM28 29.5c0 0.271-0.229 0.5-0.5 0.5h-23c-0.271 0-0.5-0.229-0.5-0.5v-27c0-0.271 0.229-0.5 0.5-0.5 0 0 15.499-0 15.5 0v7c0 0.552 0.448 1 1 1h7v19.5z\"></path>\n",
       "<path d=\"M23 26h-14c-0.552 0-1-0.448-1-1s0.448-1 1-1h14c0.552 0 1 0.448 1 1s-0.448 1-1 1z\"></path>\n",
       "<path d=\"M23 22h-14c-0.552 0-1-0.448-1-1s0.448-1 1-1h14c0.552 0 1 0.448 1 1s-0.448 1-1 1z\"></path>\n",
       "<path d=\"M23 18h-14c-0.552 0-1-0.448-1-1s0.448-1 1-1h14c0.552 0 1 0.448 1 1s-0.448 1-1 1z\"></path>\n",
       "</symbol>\n",
       "</defs>\n",
       "</svg>\n",
       "<style>/* CSS stylesheet for displaying xarray objects in jupyterlab.\n",
       " *\n",
       " */\n",
       "\n",
       ":root {\n",
       "  --xr-font-color0: var(--jp-content-font-color0, rgba(0, 0, 0, 1));\n",
       "  --xr-font-color2: var(--jp-content-font-color2, rgba(0, 0, 0, 0.54));\n",
       "  --xr-font-color3: var(--jp-content-font-color3, rgba(0, 0, 0, 0.38));\n",
       "  --xr-border-color: var(--jp-border-color2, #e0e0e0);\n",
       "  --xr-disabled-color: var(--jp-layout-color3, #bdbdbd);\n",
       "  --xr-background-color: var(--jp-layout-color0, white);\n",
       "  --xr-background-color-row-even: var(--jp-layout-color1, white);\n",
       "  --xr-background-color-row-odd: var(--jp-layout-color2, #eeeeee);\n",
       "}\n",
       "\n",
       ".xr-wrap {\n",
       "  min-width: 300px;\n",
       "  max-width: 700px;\n",
       "}\n",
       "\n",
       ".xr-header {\n",
       "  padding-top: 6px;\n",
       "  padding-bottom: 6px;\n",
       "  margin-bottom: 4px;\n",
       "  border-bottom: solid 1px var(--xr-border-color);\n",
       "}\n",
       "\n",
       ".xr-header > div,\n",
       ".xr-header > ul {\n",
       "  display: inline;\n",
       "  margin-top: 0;\n",
       "  margin-bottom: 0;\n",
       "}\n",
       "\n",
       ".xr-obj-type,\n",
       ".xr-array-name {\n",
       "  margin-left: 2px;\n",
       "  margin-right: 10px;\n",
       "}\n",
       "\n",
       ".xr-obj-type {\n",
       "  color: var(--xr-font-color2);\n",
       "}\n",
       "\n",
       ".xr-sections {\n",
       "  padding-left: 0 !important;\n",
       "  display: grid;\n",
       "  grid-template-columns: 150px auto auto 1fr 20px 20px;\n",
       "}\n",
       "\n",
       ".xr-section-item {\n",
       "  display: contents;\n",
       "}\n",
       "\n",
       ".xr-section-item input {\n",
       "  display: none;\n",
       "}\n",
       "\n",
       ".xr-section-item input + label {\n",
       "  color: var(--xr-disabled-color);\n",
       "}\n",
       "\n",
       ".xr-section-item input:enabled + label {\n",
       "  cursor: pointer;\n",
       "  color: var(--xr-font-color2);\n",
       "}\n",
       "\n",
       ".xr-section-item input:enabled + label:hover {\n",
       "  color: var(--xr-font-color0);\n",
       "}\n",
       "\n",
       ".xr-section-summary {\n",
       "  grid-column: 1;\n",
       "  color: var(--xr-font-color2);\n",
       "  font-weight: 500;\n",
       "}\n",
       "\n",
       ".xr-section-summary > span {\n",
       "  display: inline-block;\n",
       "  padding-left: 0.5em;\n",
       "}\n",
       "\n",
       ".xr-section-summary-in:disabled + label {\n",
       "  color: var(--xr-font-color2);\n",
       "}\n",
       "\n",
       ".xr-section-summary-in + label:before {\n",
       "  display: inline-block;\n",
       "  content: '►';\n",
       "  font-size: 11px;\n",
       "  width: 15px;\n",
       "  text-align: center;\n",
       "}\n",
       "\n",
       ".xr-section-summary-in:disabled + label:before {\n",
       "  color: var(--xr-disabled-color);\n",
       "}\n",
       "\n",
       ".xr-section-summary-in:checked + label:before {\n",
       "  content: '▼';\n",
       "}\n",
       "\n",
       ".xr-section-summary-in:checked + label > span {\n",
       "  display: none;\n",
       "}\n",
       "\n",
       ".xr-section-summary,\n",
       ".xr-section-inline-details {\n",
       "  padding-top: 4px;\n",
       "  padding-bottom: 4px;\n",
       "}\n",
       "\n",
       ".xr-section-inline-details {\n",
       "  grid-column: 2 / -1;\n",
       "}\n",
       "\n",
       ".xr-section-details {\n",
       "  display: none;\n",
       "  grid-column: 1 / -1;\n",
       "  margin-bottom: 5px;\n",
       "}\n",
       "\n",
       ".xr-section-summary-in:checked ~ .xr-section-details {\n",
       "  display: contents;\n",
       "}\n",
       "\n",
       ".xr-array-wrap {\n",
       "  grid-column: 1 / -1;\n",
       "  display: grid;\n",
       "  grid-template-columns: 20px auto;\n",
       "}\n",
       "\n",
       ".xr-array-wrap > label {\n",
       "  grid-column: 1;\n",
       "  vertical-align: top;\n",
       "}\n",
       "\n",
       ".xr-preview {\n",
       "  color: var(--xr-font-color3);\n",
       "}\n",
       "\n",
       ".xr-array-preview,\n",
       ".xr-array-data {\n",
       "  padding: 0 5px !important;\n",
       "  grid-column: 2;\n",
       "}\n",
       "\n",
       ".xr-array-data,\n",
       ".xr-array-in:checked ~ .xr-array-preview {\n",
       "  display: none;\n",
       "}\n",
       "\n",
       ".xr-array-in:checked ~ .xr-array-data,\n",
       ".xr-array-preview {\n",
       "  display: inline-block;\n",
       "}\n",
       "\n",
       ".xr-dim-list {\n",
       "  display: inline-block !important;\n",
       "  list-style: none;\n",
       "  padding: 0 !important;\n",
       "  margin: 0;\n",
       "}\n",
       "\n",
       ".xr-dim-list li {\n",
       "  display: inline-block;\n",
       "  padding: 0;\n",
       "  margin: 0;\n",
       "}\n",
       "\n",
       ".xr-dim-list:before {\n",
       "  content: '(';\n",
       "}\n",
       "\n",
       ".xr-dim-list:after {\n",
       "  content: ')';\n",
       "}\n",
       "\n",
       ".xr-dim-list li:not(:last-child):after {\n",
       "  content: ',';\n",
       "  padding-right: 5px;\n",
       "}\n",
       "\n",
       ".xr-has-index {\n",
       "  font-weight: bold;\n",
       "}\n",
       "\n",
       ".xr-var-list,\n",
       ".xr-var-item {\n",
       "  display: contents;\n",
       "}\n",
       "\n",
       ".xr-var-item > div,\n",
       ".xr-var-item label,\n",
       ".xr-var-item > .xr-var-name span {\n",
       "  background-color: var(--xr-background-color-row-even);\n",
       "  margin-bottom: 0;\n",
       "}\n",
       "\n",
       ".xr-var-item > .xr-var-name:hover span {\n",
       "  padding-right: 5px;\n",
       "}\n",
       "\n",
       ".xr-var-list > li:nth-child(odd) > div,\n",
       ".xr-var-list > li:nth-child(odd) > label,\n",
       ".xr-var-list > li:nth-child(odd) > .xr-var-name span {\n",
       "  background-color: var(--xr-background-color-row-odd);\n",
       "}\n",
       "\n",
       ".xr-var-name {\n",
       "  grid-column: 1;\n",
       "}\n",
       "\n",
       ".xr-var-dims {\n",
       "  grid-column: 2;\n",
       "}\n",
       "\n",
       ".xr-var-dtype {\n",
       "  grid-column: 3;\n",
       "  text-align: right;\n",
       "  color: var(--xr-font-color2);\n",
       "}\n",
       "\n",
       ".xr-var-preview {\n",
       "  grid-column: 4;\n",
       "}\n",
       "\n",
       ".xr-var-name,\n",
       ".xr-var-dims,\n",
       ".xr-var-dtype,\n",
       ".xr-preview,\n",
       ".xr-attrs dt {\n",
       "  white-space: nowrap;\n",
       "  overflow: hidden;\n",
       "  text-overflow: ellipsis;\n",
       "  padding-right: 10px;\n",
       "}\n",
       "\n",
       ".xr-var-name:hover,\n",
       ".xr-var-dims:hover,\n",
       ".xr-var-dtype:hover,\n",
       ".xr-attrs dt:hover {\n",
       "  overflow: visible;\n",
       "  width: auto;\n",
       "  z-index: 1;\n",
       "}\n",
       "\n",
       ".xr-var-attrs,\n",
       ".xr-var-data {\n",
       "  display: none;\n",
       "  background-color: var(--xr-background-color) !important;\n",
       "  padding-bottom: 5px !important;\n",
       "}\n",
       "\n",
       ".xr-var-attrs-in:checked ~ .xr-var-attrs,\n",
       ".xr-var-data-in:checked ~ .xr-var-data {\n",
       "  display: block;\n",
       "}\n",
       "\n",
       ".xr-var-data > table {\n",
       "  float: right;\n",
       "}\n",
       "\n",
       ".xr-var-name span,\n",
       ".xr-var-data,\n",
       ".xr-attrs {\n",
       "  padding-left: 25px !important;\n",
       "}\n",
       "\n",
       ".xr-attrs,\n",
       ".xr-var-attrs,\n",
       ".xr-var-data {\n",
       "  grid-column: 1 / -1;\n",
       "}\n",
       "\n",
       "dl.xr-attrs {\n",
       "  padding: 0;\n",
       "  margin: 0;\n",
       "  display: grid;\n",
       "  grid-template-columns: 125px auto;\n",
       "}\n",
       "\n",
       ".xr-attrs dt, dd {\n",
       "  padding: 0;\n",
       "  margin: 0;\n",
       "  float: left;\n",
       "  padding-right: 10px;\n",
       "  width: auto;\n",
       "}\n",
       "\n",
       ".xr-attrs dt {\n",
       "  font-weight: normal;\n",
       "  grid-column: 1;\n",
       "}\n",
       "\n",
       ".xr-attrs dt:hover span {\n",
       "  display: inline-block;\n",
       "  background: var(--xr-background-color);\n",
       "  padding-right: 10px;\n",
       "}\n",
       "\n",
       ".xr-attrs dd {\n",
       "  grid-column: 2;\n",
       "  white-space: pre-wrap;\n",
       "  word-break: break-all;\n",
       "}\n",
       "\n",
       ".xr-icon-database,\n",
       ".xr-icon-file-text2 {\n",
       "  display: inline-block;\n",
       "  vertical-align: middle;\n",
       "  width: 1em;\n",
       "  height: 1.5em !important;\n",
       "  stroke-width: 0;\n",
       "  stroke: currentColor;\n",
       "  fill: currentColor;\n",
       "}\n",
       "</style><div class='xr-wrap'><div class='xr-header'><div class='xr-obj-type'>xarray.Dataset</div></div><ul class='xr-sections'><li class='xr-section-item'><input id='section-05e2b9ab-1363-4db1-b7fb-db1146670742' class='xr-section-summary-in' type='checkbox' disabled ><label for='section-05e2b9ab-1363-4db1-b7fb-db1146670742' class='xr-section-summary'  title='Expand/collapse section'>Dimensions:</label><div class='xr-section-inline-details'><ul class='xr-dim-list'><li><span class='xr-has-index'>time</span>: 25</li><li><span>x</span>: 128</li><li><span>y</span>: 128</li></ul></div><div class='xr-section-details'></div></li><li class='xr-section-item'><input id='section-0b4b533a-ccfa-470a-a0d8-25c277e83e5e' class='xr-section-summary-in' type='checkbox'  checked><label for='section-0b4b533a-ccfa-470a-a0d8-25c277e83e5e' class='xr-section-summary' >Coordinates: <span>(1)</span></label><div class='xr-section-inline-details'></div><div class='xr-section-details'><ul class='xr-var-list'><li class='xr-var-item'><div class='xr-var-name'><span class='xr-has-index'>time</span></div><div class='xr-var-dims'>(time)</div><div class='xr-var-dtype'>float64</div><div class='xr-var-preview xr-preview'>1.581e+09 1.581e+09 ... 1.581e+09</div><input id='attrs-476a3c40-9b79-46f5-9769-7655fd27b351' class='xr-var-attrs-in' type='checkbox' disabled><label for='attrs-476a3c40-9b79-46f5-9769-7655fd27b351' title='Show/Hide attributes'><svg class='icon xr-icon-file-text2'><use xlink:href='#icon-file-text2'></use></svg></label><input id='data-17f2389a-a31f-4b6e-af98-dfdff0dc2172' class='xr-var-data-in' type='checkbox'><label for='data-17f2389a-a31f-4b6e-af98-dfdff0dc2172' title='Show/Hide data repr'><svg class='icon xr-icon-database'><use xlink:href='#icon-database'></use></svg></label><div class='xr-var-attrs'><dl class='xr-attrs'></dl></div><pre class='xr-var-data'>array([1.580688e+09, 1.580688e+09, 1.580688e+09, 1.580688e+09, 1.580688e+09,\n",
       "       1.580688e+09, 1.580688e+09, 1.580688e+09, 1.580688e+09, 1.580688e+09,\n",
       "       1.580688e+09, 1.580688e+09, 1.580688e+09, 1.580688e+09, 1.580688e+09,\n",
       "       1.580688e+09, 1.580688e+09, 1.580688e+09, 1.580688e+09, 1.580688e+09,\n",
       "       1.580688e+09, 1.580688e+09, 1.580688e+09, 1.580688e+09, 1.580688e+09])</pre></li></ul></div></li><li class='xr-section-item'><input id='section-28b802f2-02c4-44d9-87a3-d091d8447bdd' class='xr-section-summary-in' type='checkbox'  checked><label for='section-28b802f2-02c4-44d9-87a3-d091d8447bdd' class='xr-section-summary' >Data variables: <span>(4)</span></label><div class='xr-section-inline-details'></div><div class='xr-section-details'><ul class='xr-var-list'><li class='xr-var-item'><div class='xr-var-name'><span>ns_gap</span></div><div class='xr-var-dims'>(time)</div><div class='xr-var-dtype'>float64</div><div class='xr-var-preview xr-preview'>0.0 0.1667 0.3333 ... 3.833 4.0</div><input id='attrs-f9a7dded-3c3b-4eb3-8a7c-bc65916ff593' class='xr-var-attrs-in' type='checkbox' disabled><label for='attrs-f9a7dded-3c3b-4eb3-8a7c-bc65916ff593' title='Show/Hide attributes'><svg class='icon xr-icon-file-text2'><use xlink:href='#icon-file-text2'></use></svg></label><input id='data-439288b6-8a4a-4a50-a2bf-7298cd64e7fe' class='xr-var-data-in' type='checkbox'><label for='data-439288b6-8a4a-4a50-a2bf-7298cd64e7fe' title='Show/Hide data repr'><svg class='icon xr-icon-database'><use xlink:href='#icon-database'></use></svg></label><div class='xr-var-attrs'><dl class='xr-attrs'></dl></div><pre class='xr-var-data'>array([0.        , 0.16666667, 0.33333333, 0.5       , 0.66666667,\n",
       "       0.83333333, 1.        , 1.16666667, 1.33333333, 1.5       ,\n",
       "       1.66666667, 1.83333333, 2.        , 2.16666667, 2.33333333,\n",
       "       2.5       , 2.66666667, 2.83333333, 3.        , 3.16666667,\n",
       "       3.33333333, 3.5       , 3.66666667, 3.83333333, 4.        ])</pre></li><li class='xr-var-item'><div class='xr-var-name'><span>ns_image</span></div><div class='xr-var-dims'>(time, x, y)</div><div class='xr-var-dtype'>float64</div><div class='xr-var-preview xr-preview'>1.258 1.959 1.752 ... 1.959 1.258</div><input id='attrs-70c7d8e0-4aff-4b6c-a645-077ab1d265cc' class='xr-var-attrs-in' type='checkbox' disabled><label for='attrs-70c7d8e0-4aff-4b6c-a645-077ab1d265cc' title='Show/Hide attributes'><svg class='icon xr-icon-file-text2'><use xlink:href='#icon-file-text2'></use></svg></label><input id='data-e937e730-b0c3-4b12-8e3b-e66af2468828' class='xr-var-data-in' type='checkbox'><label for='data-e937e730-b0c3-4b12-8e3b-e66af2468828' title='Show/Hide data repr'><svg class='icon xr-icon-database'><use xlink:href='#icon-database'></use></svg></label><div class='xr-var-attrs'><dl class='xr-attrs'></dl></div><pre class='xr-var-data'>array([[[1.25826974, 1.95925757, 1.75195039, ..., 1.75195039,\n",
       "         1.95925757, 1.25826974],\n",
       "        [1.95925757, 1.74115687, 0.83008752, ..., 0.83008752,\n",
       "         1.74115687, 1.95925757],\n",
       "        [1.75195039, 0.83008752, 0.07707731, ..., 0.07707731,\n",
       "         0.83008752, 1.75195039],\n",
       "        ...,\n",
       "        [1.75195039, 0.83008752, 0.07707731, ..., 0.07707731,\n",
       "         0.83008752, 1.75195039],\n",
       "        [1.95925757, 1.74115687, 0.83008752, ..., 0.83008752,\n",
       "         1.74115687, 1.95925757],\n",
       "        [1.25826974, 1.95925757, 1.75195039, ..., 1.75195039,\n",
       "         1.95925757, 1.25826974]],\n",
       "\n",
       "       [[0.29249125, 1.23494802, 1.9468762 , ..., 1.9468762 ,\n",
       "         1.23494802, 0.29249125],\n",
       "        [1.23494802, 1.9519689 , 1.76847642, ..., 1.76847642,\n",
       "         1.9519689 , 1.23494802],\n",
       "        [1.9468762 , 1.76847642, 0.87194573, ..., 0.87194573,\n",
       "         1.76847642, 1.9468762 ],\n",
       "        ...,\n",
       "        [1.9468762 , 1.76847642, 0.87194573, ..., 0.87194573,\n",
       "         1.76847642, 1.9468762 ],\n",
       "        [1.23494802, 1.9519689 , 1.76847642, ..., 1.76847642,\n",
       "         1.9519689 , 1.23494802],\n",
       "        [0.29249125, 1.23494802, 1.9468762 , ..., 1.9468762 ,\n",
       "         1.23494802, 0.29249125]],\n",
       "\n",
       "       [[0.0342215 , 0.27569044, 1.19492582, ..., 1.19492582,\n",
       "         0.27569044, 0.0342215 ],\n",
       "        [0.27569044, 1.21081203, 1.9383889 , ..., 1.9383889 ,\n",
       "         1.21081203, 0.27569044],\n",
       "        [1.19492582, 1.9383889 , 1.79486842, ..., 1.79486842,\n",
       "         1.9383889 , 1.19492582],\n",
       "        ...,\n",
       "        [1.19492582, 1.9383889 , 1.79486842, ..., 1.79486842,\n",
       "         1.9383889 , 1.19492582],\n",
       "        [0.27569044, 1.21081203, 1.9383889 , ..., 1.9383889 ,\n",
       "         1.21081203, 0.27569044],\n",
       "        [0.0342215 , 0.27569044, 1.19492582, ..., 1.19492582,\n",
       "         0.27569044, 0.0342215 ]],\n",
       "\n",
       "       ...,\n",
       "\n",
       "       [[1.70750875, 0.76505198, 0.0531238 , ..., 0.0531238 ,\n",
       "         0.76505198, 1.70750875],\n",
       "        [0.76505198, 0.0480311 , 0.23152358, ..., 0.23152358,\n",
       "         0.0480311 , 0.76505198],\n",
       "        [0.0531238 , 0.23152358, 1.12805427, ..., 1.12805427,\n",
       "         0.23152358, 0.0531238 ],\n",
       "        ...,\n",
       "        [0.0531238 , 0.23152358, 1.12805427, ..., 1.12805427,\n",
       "         0.23152358, 0.0531238 ],\n",
       "        [0.76505198, 0.0480311 , 0.23152358, ..., 0.23152358,\n",
       "         0.0480311 , 0.76505198],\n",
       "        [1.70750875, 0.76505198, 0.0531238 , ..., 0.0531238 ,\n",
       "         0.76505198, 1.70750875]],\n",
       "\n",
       "       [[1.9657785 , 1.72430956, 0.80507418, ..., 0.80507418,\n",
       "         1.72430956, 1.9657785 ],\n",
       "        [1.72430956, 0.78918797, 0.0616111 , ..., 0.0616111 ,\n",
       "         0.78918797, 1.72430956],\n",
       "        [0.80507418, 0.0616111 , 0.20513158, ..., 0.20513158,\n",
       "         0.0616111 , 0.80507418],\n",
       "        ...,\n",
       "        [0.80507418, 0.0616111 , 0.20513158, ..., 0.20513158,\n",
       "         0.0616111 , 0.80507418],\n",
       "        [1.72430956, 0.78918797, 0.0616111 , ..., 0.0616111 ,\n",
       "         0.78918797, 1.72430956],\n",
       "        [1.9657785 , 1.72430956, 0.80507418, ..., 0.80507418,\n",
       "         1.72430956, 1.9657785 ]],\n",
       "\n",
       "       [[1.25826974, 1.95925757, 1.75195039, ..., 1.75195039,\n",
       "         1.95925757, 1.25826974],\n",
       "        [1.95925757, 1.74115687, 0.83008752, ..., 0.83008752,\n",
       "         1.74115687, 1.95925757],\n",
       "        [1.75195039, 0.83008752, 0.07707731, ..., 0.07707731,\n",
       "         0.83008752, 1.75195039],\n",
       "        ...,\n",
       "        [1.75195039, 0.83008752, 0.07707731, ..., 0.07707731,\n",
       "         0.83008752, 1.75195039],\n",
       "        [1.95925757, 1.74115687, 0.83008752, ..., 0.83008752,\n",
       "         1.74115687, 1.95925757],\n",
       "        [1.25826974, 1.95925757, 1.75195039, ..., 1.75195039,\n",
       "         1.95925757, 1.25826974]]])</pre></li><li class='xr-var-item'><div class='xr-var-name'><span>seq_num</span></div><div class='xr-var-dims'>(time)</div><div class='xr-var-dtype'>int64</div><div class='xr-var-preview xr-preview'>1 2 3 4 5 6 7 ... 20 21 22 23 24 25</div><input id='attrs-af3acc05-e405-411b-8922-7155dfa65494' class='xr-var-attrs-in' type='checkbox' disabled><label for='attrs-af3acc05-e405-411b-8922-7155dfa65494' title='Show/Hide attributes'><svg class='icon xr-icon-file-text2'><use xlink:href='#icon-file-text2'></use></svg></label><input id='data-5774c740-6b1f-4791-9fd4-22f1cbd6a9b8' class='xr-var-data-in' type='checkbox'><label for='data-5774c740-6b1f-4791-9fd4-22f1cbd6a9b8' title='Show/Hide data repr'><svg class='icon xr-icon-database'><use xlink:href='#icon-database'></use></svg></label><div class='xr-var-attrs'><dl class='xr-attrs'></dl></div><pre class='xr-var-data'>array([ 1,  2,  3,  4,  5,  6,  7,  8,  9, 10, 11, 12, 13, 14, 15, 16, 17,\n",
       "       18, 19, 20, 21, 22, 23, 24, 25])</pre></li><li class='xr-var-item'><div class='xr-var-name'><span>uid</span></div><div class='xr-var-dims'>(time)</div><div class='xr-var-dtype'>&lt;U36</div><div class='xr-var-preview xr-preview'>&#x27;0a952c4c-6c5c-40de-935d-2c2f3554eafc&#x27; ... &#x27;2f15eee8-c260-432a-b5ef-dcf3a23bd9ad&#x27;</div><input id='attrs-dbc1f0e9-9824-4bc5-9d65-e5ca893da3d0' class='xr-var-attrs-in' type='checkbox' disabled><label for='attrs-dbc1f0e9-9824-4bc5-9d65-e5ca893da3d0' title='Show/Hide attributes'><svg class='icon xr-icon-file-text2'><use xlink:href='#icon-file-text2'></use></svg></label><input id='data-a0709793-776e-4bf7-9eb3-87c66f0640ab' class='xr-var-data-in' type='checkbox'><label for='data-a0709793-776e-4bf7-9eb3-87c66f0640ab' title='Show/Hide data repr'><svg class='icon xr-icon-database'><use xlink:href='#icon-database'></use></svg></label><div class='xr-var-attrs'><dl class='xr-attrs'></dl></div><pre class='xr-var-data'>array([&#x27;0a952c4c-6c5c-40de-935d-2c2f3554eafc&#x27;,\n",
       "       &#x27;d2d53fbc-1f9a-4396-b20f-c75514f2f2e0&#x27;,\n",
       "       &#x27;c2226562-c92d-495e-aa7c-2dfe16f89378&#x27;,\n",
       "       &#x27;25044beb-bfcb-448f-a67e-82b4cc48db1c&#x27;,\n",
       "       &#x27;39a882bf-3ec7-4e06-afdf-bf4e769fe303&#x27;,\n",
       "       &#x27;3886ce0d-71f4-4504-a331-22c34f9ba971&#x27;,\n",
       "       &#x27;bac5a5d0-edd5-426b-b886-a492bf5f0b89&#x27;,\n",
       "       &#x27;e5f2db2a-9740-44c8-852d-52476cbf4c90&#x27;,\n",
       "       &#x27;0776543a-44fe-4bd0-93b1-75defcc483ed&#x27;,\n",
       "       &#x27;86a5ec1d-ce49-4db1-856d-63dd87f387b4&#x27;,\n",
       "       &#x27;da719a14-0e48-4f76-8176-93eb06d0d83f&#x27;,\n",
       "       &#x27;e99f767f-48f7-408a-b8b1-579c0a79a9b6&#x27;,\n",
       "       &#x27;bdad9834-d0da-46e2-ab7f-4c53946ed22c&#x27;,\n",
       "       &#x27;147ecf7e-a77a-4799-9003-0f052b0219c1&#x27;,\n",
       "       &#x27;52a1a303-56a1-4870-aea5-a72373a6a635&#x27;,\n",
       "       &#x27;4db6b4d7-b8eb-4577-a846-538fdf342491&#x27;,\n",
       "       &#x27;32aff373-4ca0-492a-9826-463465ed5272&#x27;,\n",
       "       &#x27;e3736060-ffc8-4f65-b8e0-254be8f53f76&#x27;,\n",
       "       &#x27;d7ef3a85-c5c7-4966-8c9a-0efc82b463a4&#x27;,\n",
       "       &#x27;21fe6881-3681-4cb5-be05-7906d4601f64&#x27;,\n",
       "       &#x27;4065d276-9d4e-45ad-9095-768465a18870&#x27;,\n",
       "       &#x27;00effeee-440c-4148-9aa1-36fae34dc1f7&#x27;,\n",
       "       &#x27;76ab2f7a-aa0c-46cf-bde1-194281378d19&#x27;,\n",
       "       &#x27;ed77ba83-520d-4691-b6d7-f984d8230cee&#x27;,\n",
       "       &#x27;2f15eee8-c260-432a-b5ef-dcf3a23bd9ad&#x27;], dtype=&#x27;&lt;U36&#x27;)</pre></li></ul></div></li><li class='xr-section-item'><input id='section-c5f81aac-a28f-4284-a133-97f9210f8f3f' class='xr-section-summary-in' type='checkbox' disabled ><label for='section-c5f81aac-a28f-4284-a133-97f9210f8f3f' class='xr-section-summary'  title='Expand/collapse section'>Attributes: <span>(0)</span></label><div class='xr-section-inline-details'></div><div class='xr-section-details'><dl class='xr-attrs'></dl></div></li></ul></div></div>"
      ],
      "text/plain": [
       "<xarray.Dataset>\n",
       "Dimensions:   (time: 25, x: 128, y: 128)\n",
       "Coordinates:\n",
       "  * time      (time) float64 1.581e+09 1.581e+09 ... 1.581e+09 1.581e+09\n",
       "Dimensions without coordinates: x, y\n",
       "Data variables:\n",
       "    ns_gap    (time) float64 0.0 0.1667 0.3333 0.5 ... 3.5 3.667 3.833 4.0\n",
       "    ns_image  (time, x, y) float64 1.258 1.959 1.752 ... 1.752 1.959 1.258\n",
       "    seq_num   (time) int64 1 2 3 4 5 6 7 8 9 10 ... 17 18 19 20 21 22 23 24 25\n",
       "    uid       (time) <U36 '0a952c4c-6c5c-40de-935d-2c2f3554eafc' ... '2f15eee8-c260-432a-b5ef-dcf3a23bd9ad'"
      ]
     },
     "execution_count": 19,
     "metadata": {},
     "output_type": "execute_result"
    }
   ],
   "source": [
    "ds = run[\"primary\"].read()\n",
    "ds"
   ]
  },
  {
   "cell_type": "markdown",
   "metadata": {},
   "source": [
    "This is an `xarray.Dataset`. At this point Bluesky and Data Broker have served their purpose and handed us a useful, general-purpose scientific Python data structure with our data in it.\n",
    "\n",
    "## What can you do with an `xarray.Dataset`?\n",
    "\n",
    "We can easily generate scatter plots of one dimension vs another."
   ]
  },
  {
   "cell_type": "code",
   "execution_count": 20,
   "metadata": {},
   "outputs": [
    {
     "data": {
      "text/plain": [
       "<matplotlib.collections.PathCollection at 0x7f197c1610f0>"
      ]
     },
     "execution_count": 20,
     "metadata": {},
     "output_type": "execute_result"
    },
    {
     "data": {
